TITLE=High perveance gun design
XLABEL=VALUE of angle
YLABEL=POTENTIAL
LINE-XY
COLOR=Red
NITER=   1  ITER= 101 GAMA=  .025
    1.621   .030162
    1.641   .030745
    1.662   .031191
    1.682   .030946
    1.703   .030846
    1.723   .031977
    1.743   .030832
    1.764   .031281
    1.784   .030155
    1.804   .029168
    1.825   .029190
    1.845   .028267
    1.866   .027474
    1.886   .027187
    1.906   .026478
    1.927   .025891
    1.947   .026341
    1.968   .025447
    1.988   .024671
    2.008   .024615
    2.029   .023967
    2.049   .023430
    2.070   .023854
    2.090   .023088
    2.110   .022432
    2.131   .022368
    2.151   .021840
    2.172   .021576
    2.192   .021750
    2.212   .021120
    2.233   .020588
    2.253   .020267
    2.273   .020493
    2.294   .019822
    2.314   .019246
    2.335   .018975
    2.355   .019189
    2.375   .018246
    2.396   .017392
    2.416   .016783 
LINE-XY
COLOR=Green
NITER=   2  ITER=  50 GAMA=  .035
    1.621   .029403
    1.641   .029902
    1.662   .030286
    1.682   .029992
    1.703   .029838
    1.723   .030949
    1.743   .029765
    1.764   .030169
    1.784   .029030
    1.804   .028023
    1.825   .028017
    1.845   .027093
    1.866   .026292
    1.886   .025993
    1.906   .025291
    1.927   .024704
    1.947   .025133
    1.968   .024255
    1.988   .023490
    2.008   .023426
    2.029   .022796
    2.049   .022272
    2.070   .022675
    2.090   .021939
    2.110   .021307
    2.131   .021242
    2.151   .020740
    2.172   .020492
    2.192   .020657
    2.212   .020064
    2.233   .019565
    2.253   .019265
    2.273   .019492
    2.294   .018868
    2.314   .018333
    2.335   .018086
    2.355   .018313
    2.375   .017432
    2.396   .016637
    2.416   .016069 
LINE-XY
COLOR=Gray
NITER=   3  ITER= 50 GAMA=  .045
    1.621   .028403
    1.641   .028792
    1.662   .029094
    1.682   .028735
    1.703   .028509
    1.723   .029594
    1.743   .028360
    1.764   .028705
    1.784   .027548
    1.804   .026517
    1.825   .026473
    1.845   .025548
    1.866   .024739
    1.886   .024424
    1.906   .023730
    1.927   .023145
    1.947   .023545
    1.968   .022689
    1.988   .021939
    2.008   .021865
    2.029   .021260
    2.049   .020753
    2.070   .021130
    2.090   .020433
    2.110   .019832
    2.131   .019766
    2.151   .019299
    2.172   .019071
    2.192   .019226
    2.212   .018682
    2.233   .018226
    2.253   .017953
    2.273   .018182
    2.294   .017618
    2.314   .017138
    2.335   .016922
    2.355   .017166
    2.375   .016368
    2.396   .015651
    2.416   .015136
LINE-XY
COLOR=Gray
NITER=   4  ITER= 50 GAMA=  .055
    1.621   .027220
    1.641   .027478
    1.662   .027684
    1.682   .027248
    1.703   .026938
    1.723   .027992
    1.743   .026699
    1.764   .026973
    1.784   .025797
    1.804   .024737
    1.825   .024651
    1.845   .023725
    1.866   .022906
    1.886   .022574
    1.906   .021892
    1.927   .021309
    1.947   .021675
    1.968   .020847
    1.988   .020115
    2.008   .020029
    2.029   .019453
    2.049   .018967
    2.070   .019315
    2.090   .018663
    2.110   .018100
    2.131   .018033
    2.151   .017607
    2.172   .017404
    2.192   .017547
    2.212   .017061
    2.233   .016654
    2.253   .016414
    2.273   .016644
    2.294   .016151
    2.314   .015736
    2.335   .015558
    2.355   .015822
    2.375   .015121
    2.396   .014495
    2.416   .014044
LINE-XY
COLOR=Gray
NITER=   5  ITER= 50 GAMA=  .065
    1.621   .025922
    1.641   .026036
    1.662   .026136
    1.682   .025616
    1.703   .025213
    1.723   .026234
    1.743   .024877
    1.764   .025073
    1.784   .023877
    1.804   .022789
    1.825   .022657
    1.845   .021731
    1.866   .020903
    1.886   .020552
    1.906   .019883
    1.927   .019304
    1.947   .019635
    1.968   .018837
    1.988   .018127
    2.008   .018029
    2.029   .017485
    2.049   .017022
    2.070   .017340
    2.090   .016739
    2.110   .016217
    2.131   .016149
    2.151   .015767
    2.172   .015592
    2.192   .015722
    2.212   .015299
    2.233   .014947
    2.253   .014743
    2.273   .014976
    2.294   .014561
    2.314   .014215
    2.335   .014078
    2.355   .014364
    2.375   .013770
    2.396   .013243
    2.416   .012861 
LINE-XY
COLOR=Gray
NITER=   6  ITER= 50 GAMA=  .075
    1.621   .024577
    1.641   .024542
    1.662   .024531
    1.682   .023924
    1.703   .023427
    1.723   .024411
    1.743   .022990
    1.764   .023106
    1.784   .021892
    1.804   .020776
    1.825   .020596
    1.845   .019673
    1.866   .018838
    1.886   .018469
    1.906   .017815
    1.927   .017242
    1.947   .017536
    1.968   .016771
    1.988   .016084
    2.008   .015976
    2.029   .015466
    2.049   .015028
    2.070   .015315
    2.090   .014767
    2.110   .014288
    2.131   .014219
    2.151   .013884
    2.172   .013737
    2.192   .013856
    2.212   .013497
    2.233   .013202
    2.253   .013034
    2.273   .013270
    2.294   .012935
    2.314   .012661
    2.335   .012566
    2.355   .012876
    2.375   .012390
    2.396   .011965
    2.416   .011654
LINE-XY
COLOR=Gray
NITER=   7  ITER= 50 GAMA=  .100
    1.621   .023257
    1.641   .023074
    1.662   .022954
    1.682   .022263
    1.703   .021673
    1.723   .022620
    1.743   .021139
    1.764   .021176
    1.784   .019947
    1.804   .018806
    1.825   .018581
    1.845   .017662
    1.866   .016822
    1.886   .016437
    1.906   .015799
    1.927   .015233
    1.947   .015494
    1.968   .014762
    1.988   .014100
    2.008   .013981
    2.029   .013506
    2.049   .013093
    2.070   .013352
    2.090   .012855
    2.110   .012418
    2.131   .012349
    2.151   .012060
    2.172   .011941
    2.192   .012050
    2.212   .011754
    2.233   .011513
    2.253   .011381
    2.273   .011621
    2.294   .011363
    2.314   .011159
    2.335   .011105
    2.355   .011438
    2.375   .011058
    2.396   .010732
    2.416   .010489
LINE-XY
COLOR=Gray
NITER=   8  ITER= 50 GAMA=  .100
    1.621   .021853
    1.641   .021511
    1.662   .021276
    1.682   .020496
    1.703   .019810
    1.723   .020715
    1.743   .019176
    1.764   .019129
    1.784   .017889
    1.804   .016728
    1.825   .016457
    1.845   .015548
    1.866   .014707
    1.886   .014307
    1.906   .013690
    1.927   .013134
    1.947   .013362
    1.968   .012669
    1.988   .012035
    2.008   .011908
    2.029   .011470
    2.049   .011085
    2.070   .011317
    2.090   .010874
    2.110   .010483
    2.131   .010416
    2.151   .010174
    2.172   .010086
    2.192   .010185
    2.212   .009954
    2.233   .009769
    2.253   .009674
    2.273   .009919
    2.294   .009740
    2.314   .009608
    2.335   .009596
    2.355   .009953
    2.375   .009683
    2.396   .009460
    2.416   .009289
LINE-XY
COLOR=Gray
NITER=   9  ITER= 50 GAMA=  .200
    1.621   .020716
    1.641   .020245
    1.662   .019915
    1.682   .019064
    1.703   .018299
    1.723   .019170
    1.743   .017584
    1.764   .017472
    1.784   .016225
    1.804   .015048
    1.825   .014740
    1.845   .013840
    1.866   .013000
    1.886   .012590
    1.906   .011989
    1.927   .011443
    1.947   .011647
    1.968   .010985
    1.988   .010374
    2.008   .010240
    2.029   .009834
    2.049   .009472
    2.070   .009684
    2.090   .009285
    2.110   .008930
    2.131   .008866
    2.151   .008662
    2.172   .008599
    2.192   .008692
    2.212   .008512
    2.233   .008373
    2.253   .008308
    2.273   .008558
    2.294   .008443
    2.314   .008369
    2.335   .008392
    2.355   .008769
    2.375   .008587
    2.396   .008448
    2.416   .008334
LINE-XY
COLOR=Gray
NITER=  10  ITER= 50 GAMA=  .200
    1.621   .019374
    1.641   .018751
    1.662   .018312
    1.682   .017388
    1.703   .016541
    1.723   .017359
    1.743   .015749
    1.764   .015558
    1.784   .014331
    1.804   .013164
    1.825   .012826
    1.845   .011958
    1.866   .011142
    1.886   .010733
    1.906   .010168
    1.927   .009649
    1.947   .009832
    1.968   .009221
    1.988   .008653
    2.008   .008521
    2.029   .008156
    2.049   .007829
    2.070   .008028
    2.090   .007680
    2.110   .007369
    2.131   .007311
    2.151   .007149
    2.172   .007113
    2.192   .007204
    2.212   .007076
    2.233   .006980
    2.253   .006944
    2.273   .007199
    2.294   .007145
    2.314   .007125
    2.335   .007180
    2.355   .007575
    2.375   .007481
    2.396   .007424
    2.416   .007367
LINE-XY
COLOR=DarkRed
NITER=  11  ITER= 101 GAMA=  .250
    1.621   .018561
    1.641   .017844
    1.662   .017339
    1.682   .016373
    1.703   .015479
    1.723   .016262
    1.743   .014646
    1.764   .014408
    1.784   .013203
    1.804   .012054
    1.825   .011702
    1.845   .010862
    1.866   .010068
    1.886   .009665
    1.906   .009127
    1.927   .008630
    1.947   .008806
    1.968   .008230
    1.988   .007693
    2.008   .007567
    2.029   .007229
    2.049   .006925
    2.070   .007123
    2.090   .006805
    2.110   .006521
    2.131   .006469
    2.151   .006330
    2.172   .006313
    2.192   .006405
    2.212   .006304
    2.233   .006232
    2.253   .006212
    2.273   .006472
    2.294   .006450
    2.314   .006459
    2.335   .006531
    2.355   .006935
    2.375   .006888
    2.396   .006876
    2.416   .006850
LINE-XY
COLOR=LightGreen
NITER=  12  ITER= 101 GAMA=  .275
    1.621   .018272
    1.641   .017523
    1.662   .016997
    1.682   .016030
    1.703   .015134
    1.723   .015889
    1.743   .014309
    1.764   .014056
    1.784   .012896
    1.804   .011789
    1.825   .011449
    1.845   .010646
    1.866   .009890
    1.886   .009507
    1.906   .008997
    1.927   .008528
    1.947   .008713
    1.968   .008166
    1.988   .007657
    2.008   .007545
    2.029   .007224
    2.049   .006936
    2.070   .007147
    2.090   .006839
    2.110   .006563
    2.131   .006520
    2.151   .006383
    2.172   .006369
    2.192   .006469
    2.212   .006363
    2.233   .006288
    2.253   .006265
    2.273   .006524
    2.294   .006495
    2.314   .006497
    2.335   .006564
    2.355   .006962
    2.375   .006912
    2.396   .006897
    2.416   .006868
LINE-XY
COLOR=Yellow
NITER=  13  ITER= 101 GAMA=  .300
    1.621   .018328
    1.641   .017587
    1.662   .017071
    1.682   .016128
    1.703   .015256
    1.723   .015992
    1.743   .014466
    1.764   .014220
    1.784   .013109
    1.804   .012053
    1.825   .011736
    1.845   .010972
    1.866   .010256
    1.886   .009898
    1.906   .009414
    1.927   .008971
    1.947   .009172
    1.968   .008646
    1.988   .008160
    2.008   .008065
    2.029   .007751
    2.049   .007473
    2.070   .007702
    2.090   .007389
    2.110   .007111
    2.131   .007075
    2.151   .006926
    2.172   .006908
    2.192   .007015
    2.212   .006887
    2.233   .006791
    2.253   .006754
    2.273   .007009
    2.294   .006950
    2.314   .006925
    2.335   .006976
    2.355   .007358
    2.375   .007275
    2.396   .007229
    2.416   .007179
     
